720
0.000000 0.212212
0.001389 -0.212212
0.002778 0.212212
0.004167 -0.212212
0.005556 0.212212
0.006944 -0.212212
0.008333 0.212212
0.009722 -0.212212
0.011111 0.212212
0.012500 -0.212212
0.013889 0.212212
0.015278 -0.212212
0.016667 0.212212
0.018056 -0.212212
0.019444 0.212212
0.020833 -0.212212
0.022222 0.212212
0.023611 -0.212212
0.025000 0.212212
0.026389 -0.212212
0.027778 0.212212
0.029167 -0.212212
0.030556 0.212212
0.031944 -0.212212
0.033333 0.212212
0.034722 -0.212212
0.036111 0.212212
0.037500 -0.212212
0.038889 0.212212
0.040278 -0.212212
0.041667 0.212212
0.043056 -0.212212
0.044444 0.212212
0.045833 -0.212212
0.047222 0.212212
0.048611 -0.212212
0.050000 0.212212
0.051389 -0.212212
0.052778 0.212212
0.054167 -0.212212
0.055556 0.212212
0.056944 -0.212212
0.058333 0.212212
0.059722 -0.212212
0.061111 0.212212
0.062500 -0.212212
0.063889 0.212212
0.065278 -0.212212
0.066667 0.212212
0.068056 -0.212212
0.069444 0.212212
0.070833 -0.212212
0.072222 0.212212
0.073611 -0.212212
0.075000 0.212212
0.076389 -0.212212
0.077778 0.212212
0.079167 -0.212212
0.080556 0.212212
0.081944 -0.212212
0.083333 0.212212
0.084722 -0.212212
0.086111 0.212212
0.087500 -0.212212
0.088889 0.212212
0.090278 -0.212212
0.091667 0.212212
0.093056 -0.212212
0.094444 0.212212
0.095833 -0.212212
0.097222 0.212212
0.098611 -0.212212
0.100000 0.212212
0.101389 -0.212212
0.102778 0.212212
0.104167 -0.212212
0.105556 0.212212
0.106944 -0.212212
0.108333 0.212212
0.109722 -0.212212
0.111111 0.212212
0.112500 -0.212212
0.113889 0.212212
0.115278 -0.212212
0.116667 0.212212
0.118056 -0.212212
0.119444 0.212212
0.120833 -0.212212
0.122222 0.212212
0.123611 -0.212212
0.125000 0.212212
0.126389 -0.212212
0.127778 0.212212
0.129167 -0.212212
0.130556 0.212212
0.131944 -0.212212
0.133333 0.212212
0.134722 -0.212212
0.136111 0.212212
0.137500 -0.212212
0.138889 0.212212
0.140278 -0.212212
0.141667 0.212212
0.143056 -0.212212
0.144444 0.212212
0.145833 -0.212212
0.147222 0.212212
0.148611 -0.212212
0.150000 0.212212
0.151389 -0.212212
0.152778 0.212212
0.154167 -0.212212
0.155556 0.212212
0.156944 -0.212212
0.158333 0.212212
0.159722 -0.212212
0.161111 0.212212
0.162500 -0.212212
0.163889 0.212212
0.165278 -0.212212
0.166667 0.212212
0.168056 -0.212212
0.169444 0.212212
0.170833 -0.212212
0.172222 0.212212
0.173611 -0.212212
0.175000 0.212212
0.176389 -0.212212
0.177778 0.212212
0.179167 -0.212212
0.180556 0.212212
0.181944 -0.212212
0.183333 0.212212
0.184722 -0.212212
0.186111 0.212212
0.187500 -0.212212
0.188889 0.212212
0.190278 -0.212212
0.191667 0.212212
0.193056 -0.212212
0.194444 0.212212
0.195833 -0.212212
0.197222 0.212212
0.198611 -0.212212
0.200000 0.212212
0.201389 -0.212212
0.202778 0.212212
0.204167 -0.212212
0.205556 0.212212
0.206944 -0.212212
0.208333 0.212212
0.209722 -0.212212
0.211111 0.212212
0.212500 -0.212212
0.213889 0.212212
0.215278 -0.212212
0.216667 0.212212
0.218056 -0.212212
0.219444 0.212212
0.220833 -0.212212
0.222222 0.212212
0.223611 -0.212212
0.225000 0.212212
0.226389 -0.212212
0.227778 0.212212
0.229167 -0.212212
0.230556 0.212212
0.231944 -0.212212
0.233333 0.212212
0.234722 -0.212212
0.236111 0.212212
0.237500 -0.212212
0.238889 0.212212
0.240278 -0.212212
0.241667 0.212212
0.243056 -0.212212
0.244444 0.212212
0.245833 -0.212212
0.247222 0.212212
0.248611 -0.212212
0.250000 0.212212
0.251389 -0.212212
0.252778 0.212212
0.254167 -0.212212
0.255556 0.212212
0.256944 -0.212212
0.258333 0.212212
0.259722 -0.212212
0.261111 0.212212
0.262500 -0.212212
0.263889 0.212212
0.265278 -0.212212
0.266667 0.212212
0.268056 -0.212212
0.269444 0.212212
0.270833 -0.212212
0.272222 0.212212
0.273611 -0.212212
0.275000 0.212212
0.276389 -0.212212
0.277778 0.212212
0.279167 -0.212212
0.280556 0.212212
0.281944 -0.212212
0.283333 0.212212
0.284722 -0.212212
0.286111 0.212212
0.287500 -0.212212
0.288889 0.212212
0.290278 -0.212212
0.291667 0.212212
0.293056 -0.212212
0.294444 0.212212
0.295833 -0.212212
0.297222 0.212212
0.298611 -0.212212
0.300000 0.212212
0.301389 -0.212212
0.302778 0.212212
0.304167 -0.212212
0.305556 0.212212
0.306944 -0.212212
0.308333 0.212212
0.309722 -0.212212
0.311111 0.212212
0.312500 -0.212212
0.313889 0.212212
0.315278 -0.212212
0.316667 0.212212
0.318056 -0.212212
0.319444 0.212212
0.320833 -0.212212
0.322222 0.212212
0.323611 -0.212212
0.325000 0.212212
0.326389 -0.212212
0.327778 0.212212
0.329167 -0.212212
0.330556 0.212212
0.331944 -0.212212
0.333333 0.212212
0.334722 -0.212212
0.336111 0.212212
0.337500 -0.212212
0.338889 0.212212
0.340278 -0.212212
0.341667 0.212212
0.343056 -0.212212
0.344444 0.212212
0.345833 -0.212212
0.347222 0.212212
0.348611 -0.212212
0.350000 0.212212
0.351389 -0.212212
0.352778 0.212212
0.354167 -0.212212
0.355556 0.212212
0.356944 -0.212212
0.358333 0.212212
0.359722 -0.212212
0.361111 0.212212
0.362500 -0.212212
0.363889 0.212212
0.365278 -0.212212
0.366667 0.212212
0.368056 -0.212212
0.369444 0.212212
0.370833 -0.212212
0.372222 0.212212
0.373611 -0.212212
0.375000 0.212212
0.376389 -0.212212
0.377778 0.212212
0.379167 -0.212212
0.380556 0.212212
0.381944 -0.212212
0.383333 0.212212
0.384722 -0.212212
0.386111 0.212212
0.387500 -0.212212
0.388889 0.212212
0.390278 -0.212212
0.391667 0.212212
0.393056 -0.212212
0.394444 0.212212
0.395833 -0.212212
0.397222 0.212212
0.398611 -0.212212
0.400000 0.212212
0.401389 -0.212212
0.402778 0.212212
0.404167 -0.212212
0.405556 0.212212
0.406944 -0.212212
0.408333 0.212212
0.409722 -0.212212
0.411111 0.212212
0.412500 -0.212212
0.413889 0.212212
0.415278 -0.212212
0.416667 0.212212
0.418056 -0.212212
0.419444 0.212212
0.420833 -0.212212
0.422222 0.212212
0.423611 -0.212212
0.425000 0.212212
0.426389 -0.212212
0.427778 0.212212
0.429167 -0.212212
0.430556 0.212212
0.431944 -0.212212
0.433333 0.212212
0.434722 -0.212212
0.436111 0.212212
0.437500 -0.212212
0.438889 0.212212
0.440278 -0.212212
0.441667 0.212212
0.443056 -0.212212
0.444444 0.212212
0.445833 -0.212212
0.447222 0.212212
0.448611 -0.212212
0.450000 0.212212
0.451389 -0.212212
0.452778 0.212212
0.454167 -0.212212
0.455556 0.212212
0.456944 -0.212212
0.458333 0.212212
0.459722 -0.212212
0.461111 0.212212
0.462500 -0.212212
0.463889 0.212212
0.465278 -0.212212
0.466667 0.212212
0.468056 -0.212212
0.469444 0.212212
0.470833 -0.212212
0.472222 0.212212
0.473611 -0.212212
0.475000 0.212212
0.476389 -0.212212
0.477778 0.212212
0.479167 -0.212212
0.480556 0.212212
0.481944 -0.212212
0.483333 0.212212
0.484722 -0.212212
0.486111 0.212212
0.487500 -0.212212
0.488889 0.212212
0.490278 -0.212212
0.491667 0.212212
0.493056 -0.212212
0.494444 0.212212
0.495833 -0.212212
0.497222 0.212212
0.498611 -0.212212
0.500000 0.212212
0.501389 -0.212212
0.502778 0.212212
0.504167 -0.212212
0.505556 0.212212
0.506944 -0.212212
0.508333 0.212212
0.509722 -0.212212
0.511111 0.212212
0.512500 -0.212212
0.513889 0.212212
0.515278 -0.212212
0.516667 0.212212
0.518056 -0.212212
0.519444 0.212212
0.520833 -0.212212
0.522222 0.212212
0.523611 -0.212212
0.525000 0.212212
0.526389 -0.212212
0.527778 0.212212
0.529167 -0.212212
0.530556 0.212212
0.531944 -0.212212
0.533333 0.212212
0.534722 -0.212212
0.536111 0.212212
0.537500 -0.212212
0.538889 0.212212
0.540278 -0.212212
0.541667 0.212212
0.543056 -0.212212
0.544444 0.212212
0.545833 -0.212212
0.547222 0.212212
0.548611 -0.212212
0.550000 0.212212
0.551389 -0.212212
0.552778 0.212212
0.554167 -0.212212
0.555556 0.212212
0.556944 -0.212212
0.558333 0.212212
0.559722 -0.212212
0.561111 0.212212
0.562500 -0.212212
0.563889 0.212212
0.565278 -0.212212
0.566667 0.212212
0.568056 -0.212212
0.569444 0.212212
0.570833 -0.212212
0.572222 0.212212
0.573611 -0.212212
0.575000 0.212212
0.576389 -0.212212
0.577778 0.212212
0.579167 -0.212212
0.580556 0.212212
0.581944 -0.212212
0.583333 0.212212
0.584722 -0.212212
0.586111 0.212212
0.587500 -0.212212
0.588889 0.212212
0.590278 -0.212212
0.591667 0.212212
0.593056 -0.212212
0.594444 0.212212
0.595833 -0.212212
0.597222 0.212212
0.598611 -0.212212
0.600000 0.212212
0.601389 -0.212212
0.602778 0.212212
0.604167 -0.212212
0.605556 0.212212
0.606944 -0.212212
0.608333 0.212212
0.609722 -0.212212
0.611111 0.212212
0.612500 -0.212212
0.613889 0.212212
0.615278 -0.212212
0.616667 0.212212
0.618056 -0.212212
0.619444 0.212212
0.620833 -0.212212
0.622222 0.212212
0.623611 -0.212212
0.625000 0.212212
0.626389 -0.212212
0.627778 0.212212
0.629167 -0.212212
0.630556 0.212212
0.631944 -0.212212
0.633333 0.212212
0.634722 -0.212212
0.636111 0.212212
0.637500 -0.212212
0.638889 0.212212
0.640278 -0.212212
0.641667 0.212212
0.643056 -0.212212
0.644444 0.212212
0.645833 -0.212212
0.647222 0.212212
0.648611 -0.212212
0.650000 0.212212
0.651389 -0.212212
0.652778 0.212212
0.654167 -0.212212
0.655556 0.212212
0.656944 -0.212212
0.658333 0.212212
0.659722 -0.212212
0.661111 0.212212
0.662500 -0.212212
0.663889 0.212212
0.665278 -0.212212
0.666667 0.212212
0.668056 -0.212212
0.669444 0.212212
0.670833 -0.212212
0.672222 0.212212
0.673611 -0.212212
0.675000 0.212212
0.676389 -0.212212
0.677778 0.212212
0.679167 -0.212212
0.680556 0.212212
0.681944 -0.212212
0.683333 0.212212
0.684722 -0.212212
0.686111 0.212212
0.687500 -0.212212
0.688889 0.212212
0.690278 -0.212212
0.691667 0.212212
0.693056 -0.212212
0.694444 0.212212
0.695833 -0.212212
0.697222 0.212212
0.698611 -0.212212
0.700000 0.212212
0.701389 -0.212212
0.702778 0.212212
0.704167 -0.212212
0.705556 0.212212
0.706944 -0.212212
0.708333 0.212212
0.709722 -0.212212
0.711111 0.212212
0.712500 -0.212212
0.713889 0.212212
0.715278 -0.212212
0.716667 0.212212
0.718056 -0.212212
0.719444 0.212212
0.720833 -0.212212
0.722222 0.212212
0.723611 -0.212212
0.725000 0.212212
0.726389 -0.212212
0.727778 0.212212
0.729167 -0.212212
0.730556 0.212212
0.731944 -0.212212
0.733333 0.212212
0.734722 -0.212212
0.736111 0.212212
0.737500 -0.212212
0.738889 0.212212
0.740278 -0.212212
0.741667 0.212212
0.743056 -0.212212
0.744444 0.212212
0.745833 -0.212212
0.747222 0.212212
0.748611 -0.212212
0.750000 0.212212
0.751389 -0.212212
0.752778 0.212212
0.754167 -0.212212
0.755556 0.212212
0.756944 -0.212212
0.758333 0.212212
0.759722 -0.212212
0.761111 0.212212
0.762500 -0.212212
0.763889 0.212212
0.765278 -0.212212
0.766667 0.212212
0.768056 -0.212212
0.769444 0.212212
0.770833 -0.212212
0.772222 0.212212
0.773611 -0.212212
0.775000 0.212212
0.776389 -0.212212
0.777778 0.212212
0.779167 -0.212212
0.780556 0.212212
0.781944 -0.212212
0.783333 0.212212
0.784722 -0.212212
0.786111 0.212212
0.787500 -0.212212
0.788889 0.212212
0.790278 -0.212212
0.791667 0.212212
0.793056 -0.212212
0.794444 0.212212
0.795833 -0.212212
0.797222 0.212212
0.798611 -0.212212
0.800000 0.212212
0.801389 -0.212212
0.802778 0.212212
0.804167 -0.212212
0.805556 0.212212
0.806944 -0.212212
0.808333 0.212212
0.809722 -0.212212
0.811111 0.212212
0.812500 -0.212212
0.813889 0.212212
0.815278 -0.212212
0.816667 0.212212
0.818056 -0.212212
0.819444 0.212212
0.820833 -0.212212
0.822222 0.212212
0.823611 -0.212212
0.825000 0.212212
0.826389 -0.212212
0.827778 0.212212
0.829167 -0.212212
0.830556 0.212212
0.831944 -0.212212
0.833333 0.212212
0.834722 -0.212212
0.836111 0.212212
0.837500 -0.212212
0.838889 0.212212
0.840278 -0.212212
0.841667 0.212212
0.843056 -0.212212
0.844444 0.212212
0.845833 -0.212212
0.847222 0.212212
0.848611 -0.212212
0.850000 0.212212
0.851389 -0.212212
0.852778 0.212212
0.854167 -0.212212
0.855556 0.212212
0.856944 -0.212212
0.858333 0.212212
0.859722 -0.212212
0.861111 0.212212
0.862500 -0.212212
0.863889 0.212212
0.865278 -0.212212
0.866667 0.212212
0.868056 -0.212212
0.869444 0.212212
0.870833 -0.212212
0.872222 0.212212
0.873611 -0.212212
0.875000 0.212212
0.876389 -0.212212
0.877778 0.212212
0.879167 -0.212212
0.880556 0.212212
0.881944 -0.212212
0.883333 0.212212
0.884722 -0.212212
0.886111 0.212212
0.887500 -0.212212
0.888889 0.212212
0.890278 -0.212212
0.891667 0.212212
0.893056 -0.212212
0.894444 0.212212
0.895833 -0.212212
0.897222 0.212212
0.898611 -0.212212
0.900000 0.212212
0.901389 -0.212212
0.902778 0.212212
0.904167 -0.212212
0.905556 0.212212
0.906944 -0.212212
0.908333 0.212212
0.909722 -0.212212
0.911111 0.212212
0.912500 -0.212212
0.913889 0.212212
0.915278 -0.212212
0.916667 0.212212
0.918056 -0.212212
0.919444 0.212212
0.920833 -0.212212
0.922222 0.212212
0.923611 -0.212212
0.925000 0.212212
0.926389 -0.212212
0.927778 0.212212
0.929167 -0.212212
0.930556 0.212212
0.931944 -0.212212
0.933333 0.212212
0.934722 -0.212212
0.936111 0.212212
0.937500 -0.212212
0.938889 0.212212
0.940278 -0.212212
0.941667 0.212212
0.943056 -0.212212
0.944444 0.212212
0.945833 -0.212212
0.947222 0.212212
0.948611 -0.212212
0.950000 0.212212
0.951389 -0.212212
0.952778 0.212212
0.954167 -0.212212
0.955556 0.212212
0.956944 -0.212212
0.958333 0.212212
0.959722 -0.212212
0.961111 0.212212
0.962500 -0.212212
0.963889 0.212212
0.965278 -0.212212
0.966667 0.212212
0.968056 -0.212212
0.969444 0.212212
0.970833 -0.212212
0.972222 0.212212
0.973611 -0.212212
0.975000 0.212212
0.976389 -0.212212
0.977778 0.212212
0.979167 -0.212212
0.980556 0.212212
0.981944 -0.212212
0.983333 0.212212
0.984722 -0.212212
0.986111 0.212212
0.987500 -0.212212
0.988889 0.212212
0.990278 -0.212212
0.991667 0.212212
0.993056 -0.212212
0.994444 0.212212
0.995833 -0.212212
0.997222 0.212212
0.998611 -0.212212
